%YAML:1.0
---
e_vectors: !!opencv-matrix
   rows: 20
   cols: 128
   dt: f
   data: [ -9.23355892e-02, 9.38810036e-03, 1.05060659e-01,
       4.50150445e-02, 9.63739380e-02, 1.01044429e-02, -1.02834158e-01,
       -6.42568097e-02, 1.84675470e-01, 2.93029211e-02, -4.99300286e-02,
       -6.31983876e-02, -1.75360113e-01, -5.02640083e-02, 5.12487218e-02,
       7.99234360e-02, -1.88766584e-01, -6.84274361e-02, -4.02360559e-02,
       4.32365127e-02, 1.87507734e-01, 7.20299929e-02, 3.26227359e-02,
       -5.40817231e-02, 9.87320170e-02, 3.95416878e-02, 8.80703181e-02,
       4.98558255e-03, -1.12050623e-01, -6.85709491e-02, -1.01941548e-01,
       5.50275529e-03, 3.93901095e-02, -4.99660634e-02, -1.77134171e-01,
       -6.07758872e-02, -2.45265998e-02, 5.10446094e-02, 1.95077792e-01,
       7.59750083e-02, -8.07959959e-02, -5.71126025e-03, 8.92429054e-02,
       5.04989289e-02, 8.22270513e-02, -7.98104797e-03, -8.14615935e-02,
       -4.82318327e-02, 8.26806426e-02, 4.77206744e-02, 7.77623132e-02,
       -1.10908961e-02, -8.03039968e-02, -4.75591421e-02,
       -7.77101666e-02, -9.53770615e-03, -5.99526279e-02,
       -7.17723519e-02, -1.82341054e-01, -5.16538918e-02, 4.95378710e-02,
       8.00715014e-02, 1.80741280e-01, 2.68808268e-02, 6.03647828e-02,
       8.81145820e-02, 1.90791294e-01, 3.84569541e-02, -3.65574658e-02,
       -5.82574122e-02, -1.70446992e-01, -4.61758487e-02,
       -9.27278250e-02, -4.86294329e-02, -6.92392811e-02, 2.26847362e-03,
       9.60276425e-02, 5.30636162e-02, 8.09355676e-02, -1.36690428e-02,
       7.71282613e-02, -1.61838308e-02, -8.82830322e-02, -4.79884259e-02,
       -6.69965521e-02, -2.36580917e-03, 8.88105780e-02, 4.85406481e-02,
       -3.83350141e-02, 4.09548357e-02, 1.86412260e-01, 6.97671473e-02,
       3.08070276e-02, -5.54133989e-02, -1.86914355e-01, -6.40031397e-02,
       -9.54189822e-02, -5.82123734e-02, -8.89834613e-02, 1.53319705e-02,
       1.15083113e-01, 4.81717922e-02, 9.35417488e-02, 1.19747380e-02,
       1.95936561e-01, 7.43082315e-02, 3.75869535e-02, -4.93592657e-02,
       -1.76822826e-01, -5.67532852e-02, -2.61443574e-02, 4.61552292e-02,
       -1.76668227e-01, -4.75284010e-02, 5.78248240e-02, 8.66160989e-02,
       1.88650727e-01, 3.37430649e-02, -4.73977737e-02, -6.55192956e-02,
       8.82936865e-02, 8.66509043e-03, -1.02864817e-01, -6.38741702e-02,
       -1.00353681e-01, 7.82711525e-03, 1.03484876e-01, 4.24270332e-02,
       3.03489100e-02, -9.27586779e-02, -1.35725737e-01, -4.27777432e-02,
       4.86237518e-02, 8.29998869e-03, -7.37338066e-02, -4.92404513e-02,
       -4.67555635e-02, -1.23246834e-01, -1.51301369e-01,
       -7.26455227e-02, -2.55426839e-02, -4.88472693e-02,
       -1.43176377e-01, -6.61356449e-02, -6.42422363e-02,
       -1.37749344e-01, -1.93160489e-01, -1.04745805e-01,
       -9.56637934e-02, -5.83988093e-02, -1.30726293e-01,
       -6.84011802e-02, -8.24751407e-02, -8.18111971e-02,
       -1.38560206e-01, -8.03197101e-02, -8.09966698e-02,
       -6.77145645e-02, -1.13384590e-01, -6.79196417e-02, 3.86845991e-02,
       -3.02034281e-02, 5.22008948e-02, -4.09472920e-02, 7.31871873e-02,
       6.12676069e-02, 5.16797751e-02, -1.74829103e-02, -5.99194989e-02,
       -9.13561508e-02, -6.02105353e-03, -1.92134790e-02, 3.89168859e-02,
       2.45603044e-02, 4.23448123e-02, -3.04209534e-02, -3.72892320e-02,
       -3.18230949e-02, 6.36437675e-03, -2.94489339e-02, -6.42458399e-05,
       -2.96196081e-02, -3.22860256e-02, -6.59086406e-02,
       -4.74253856e-02, -4.04231437e-02, -5.47472341e-03, 1.80993695e-02,
       -7.57685676e-03, 1.51937930e-02, -1.79631431e-02, -4.61678207e-02,
       5.60169816e-02, -1.64509043e-02, 7.29365796e-02, 3.80359702e-02,
       1.41614109e-01, 8.93845633e-02, 1.34856731e-01, 9.00567602e-03,
       -2.59214584e-02, -1.02873802e-01, -6.26045885e-03, 1.94477569e-02,
       9.61310491e-02, 5.16814925e-02, 9.08138081e-02, 2.43795160e-02,
       5.46096377e-02, -3.18364464e-02, -3.81741822e-02, -6.56965524e-02,
       4.44183946e-02, 3.72221842e-02, 4.83321510e-02, 2.03661676e-02,
       -4.68319245e-02, -6.49169981e-02, -1.47926656e-03, 3.66925411e-02,
       4.10043187e-02, 6.35038614e-02, 6.08722195e-02, -3.83449276e-03,
       1.54831260e-01, 7.50616118e-02, 1.84681356e-01, 7.56591335e-02,
       1.25333875e-01, 9.53917205e-02, 1.86854854e-01, 7.78677985e-02,
       1.21417440e-01, 6.11983724e-02, 2.02763259e-01, 8.95361751e-02,
       1.89816982e-01, 1.23199649e-01, 2.32380241e-01, 9.54444706e-02,
       1.39559031e-01, 6.19374551e-02, 1.74371287e-01, 3.70230414e-02,
       1.01941161e-01, 1.16533071e-01, 2.34156922e-01, 1.03788376e-01,
       9.57895943e-04, -1.91031918e-02, 1.54130876e-01, 5.85377440e-02,
       4.21787761e-02, 1.10588595e-01, 1.79589838e-01, 5.25445081e-02,
       1.88109189e-01, 8.87821615e-02, 1.58089161e-01, 1.04882494e-01,
       1.80108175e-01, 6.82067722e-02, 1.53669283e-01, 6.75205141e-02,
       6.21665753e-02, 4.18930054e-02, 1.36633202e-01, 8.62237662e-02,
       1.39196426e-01, 1.58750378e-02, 8.87950957e-02, -2.55763344e-02,
       6.29502013e-02, 3.01654655e-02, 1.12652592e-01, 7.67120868e-02,
       4.37213182e-02, -3.01914047e-02, 5.99138215e-02, -1.02858385e-02,
       -1.72421202e-01, -3.19073386e-02, 8.86308178e-02, 5.64439408e-02,
       -4.95617017e-02, -1.90265682e-02, 5.64276539e-02, -8.16811770e-02,
       1.81768075e-01, 8.31203088e-02, 1.77185804e-01, 1.21710360e-01,
       2.35601604e-01, 8.80703777e-02, 1.15909517e-01, 4.83914092e-02,
       -2.91248709e-02, 2.30497830e-02, 8.67766812e-02, 4.27772664e-02,
       7.56690726e-02, 9.46283992e-03, 1.36740506e-02, -1.04939446e-01,
       -8.03582463e-03, 3.20555270e-03, 3.74922417e-02, 2.92331781e-02,
       5.15384302e-02, -5.77805527e-02, -4.65254225e-02, -6.41716719e-02,
       -1.95759758e-01, -9.92036536e-02, -3.45852710e-02,
       -4.62535210e-02, -1.42093375e-01, -4.99632768e-02,
       -4.86778244e-02, -1.05657622e-01, 1.78464189e-01, 4.48188484e-02,
       9.71492082e-02, 1.09618828e-01, 2.22044364e-01, 7.34471679e-02,
       1.14943348e-01, 5.35276122e-02, -5.82843907e-02, -3.99876535e-02,
       6.02278970e-02, 3.51388678e-02, 5.85407652e-02, 1.91186590e-03,
       2.71708574e-02, -6.18282594e-02, -2.46357638e-03, -3.71903814e-02,
       -2.58181039e-02, -3.50709856e-02, -2.34401366e-03,
       -4.02952582e-02, -1.46293705e-02, -2.73693241e-02,
       -1.67927980e-01, -9.16183218e-02, -9.23152044e-02,
       -8.06275755e-02, -1.57896355e-01, -7.61464760e-02,
       -7.68693462e-02, -1.02773085e-01, 1.37836114e-01, 4.16219495e-02,
       4.12057899e-02, 1.09018475e-01, 1.89803109e-01, 4.29528505e-02,
       -1.61502082e-02, -2.19091512e-02, -7.59174582e-04, 1.98987685e-02,
       4.68312111e-03, 3.68223190e-02, 4.51903865e-02, -2.41008624e-02,
       -3.33300792e-02, -6.43855184e-02, -6.27893209e-03, 1.45337507e-02,
       -3.08897789e-03, 3.52963358e-02, -1.49197532e-02, -5.60034253e-02,
       -7.78924823e-02, -6.90190569e-02, -1.31484762e-01,
       -4.78074774e-02, -6.93490282e-02, -5.89585118e-02,
       -1.16166607e-01, -9.08761397e-02, -1.07219160e-01,
       -8.87095332e-02, 2.46893205e-02, 6.08193427e-02, 1.65408164e-01,
       9.28757899e-03, -3.29146497e-02, -5.17487191e-02, 1.07366428e-01,
       -1.29355267e-02, 8.24905559e-02, 3.40975747e-02, 1.71983987e-01,
       5.46548516e-02, 1.57713950e-01, 4.41560112e-02, 1.78769961e-01,
       9.59829800e-03, 1.45260513e-01, 4.00595879e-03, 1.45437911e-01,
       1.42743643e-02, 1.00501135e-01, 3.84926163e-02, 1.93352178e-01,
       5.18936999e-02, 2.08782449e-01, 8.16411227e-02, 1.56236306e-01,
       -5.75449411e-03, 1.51292682e-01, 8.13478418e-03, 1.65556237e-01,
       1.04529113e-01, -2.03216504e-02, 2.78279949e-02, 7.84677491e-02,
       -1.01484865e-01, -2.34199967e-02, -2.39714105e-02, 5.27734868e-02,
       1.82006117e-02, -1.05236672e-01, -6.69085905e-02, 5.14173023e-02,
       -7.28660729e-03, 1.14890210e-01, 5.58907399e-03, 1.46928867e-02,
